20 6052.37037037037
21 6294.961538461538
22 6381.8421052631575
23 6071.555555555556
24 6076.294117647059
25 5978.869565217391
26 6061.103448275862
27 6251.7
28 6003.833333333333
29 6239.791666666667
30 5923.833333333333
31 6061.470588235294
32 5799.961538461538
33 5944.913043478261
34 5977.9473684210525
35 5993.391304347826
36 6008.578947368421
37 5684.028571428571
38 6084.538461538462
39 5807.451612903225
40 5733.1
41 5890.935483870968
42 5926.035714285715
43 5673.083333333333
44 5739.064516129032
45 5703.038461538462
46 5737.210526315789
47 5876.0
48 5786.761904761905
49 5714.178571428572
50 5846.533333333334
51 5664.612903225807
52 5707.481481481482
53 5615.545454545455
54 5543.939393939394
55 5765.521739130435
56 5651.4
57 5815.9473684210525
58 5504.071428571428
59 5643.3
