20 6185.186046511628
21 6264.086956521739
22 6235.04347826087
23 6254.45652173913
24 6029.365853658536
25 5988.285714285715
26 6111.454545454545
27 6158.975609756098
28 6014.760869565217
29 6084.976190476191
30 5859.510638297872
31 5955.692307692308
32 5982.454545454545
33 5858.421052631579
34 5908.621621621622
35 6061.0
36 5970.4
37 5685.8983050847455
38 6143.897959183673
39 5859.810344827586
40 5800.115384615385
41 5887.510638297872
42 5918.530612244898
43 5695.974358974359
44 5832.233333333334
45 5759.040816326531
46 5718.771929824561
47 5850.15
48 5811.8536585365855
49 5677.051282051282
50 5909.108695652174
51 5703.169811320755
52 5722.5
53 5658.9473684210525
54 5740.979166666667
55 5741.0
56 5616.0
57 5714.793103448276
58 5562.125
59 5598.333333333333
