20 6409.3125
21 6223.95
22 6131.740740740741
23 6514.368421052632
24 5996.125
25 5999.684210526316
26 6208.8
27 6070.666666666667
28 6035.25
29 5878.555555555556
30 5792.391304347826
31 5873.954545454545
32 6146.068965517241
33 5725.8
34 5835.444444444444
35 6142.8421052631575
36 5925.0625
37 5688.625
38 6211.0
39 5919.925925925926
40 5891.5
41 5880.875
42 5908.523809523809
43 5732.6
44 5931.827586206897
45 5822.347826086957
46 5681.894736842105
47 5821.578947368421
48 5838.2
49 5582.545454545455
50 6026.4375
51 5757.5
52 5746.35294117647
53 5718.625
54 6174.466666666666
55 5670.5
56 5542.25
57 5522.6
58 5643.4
59 5508.4
